(25 - x^2)^(1/2)
0.500 0.500 0.500 0.500 0.500 0.500 0.500 0.500 0.500 0.500 0.500 0.500 0.500 0.500 0.500 0.500 0.500 0.500 0.500 0.500 0.500 0.500 0.500 0.500 0.500 0.500 0.500 0.500 0.500 0.500 0.500 0.500 0.500 0.500 0.500 0.500 0.500 0.500 0.500 0.500 0.500 
(25 - x^2)^(0.5)
0.500 0.500 0.500 0.500 0.500 0.500 0.500 0.500 0.500 0.500 0.500 0.500 0.500 0.500 0.500 0.500 0.500 0.500 0.500 0.500 0.500 0.500 0.500 0.500 0.500 0.500 0.500 0.500 0.500 0.500 0.500 0.500 0.500 0.500 0.500 0.500 0.500 0.500 0.500 0.500 0.500 
(25 - x^2)^0.5
0.500 0.500 0.500 0.500 0.500 0.500 0.500 0.500 0.500 0.500 0.500 0.500 0.500 0.500 0.500 0.500 0.500 0.500 0.500 0.500 0.500 0.500 0.500 0.500 0.500 0.500 0.500 0.500 0.500 0.500 0.500 0.500 0.500 0.500 0.500 0.500 0.500 0.500 0.500 0.500 0.500 
(25 - x^2)
-75.000 -65.250 -56.000 -47.250 -39.000 -31.250 -24.000 -17.250 -11.000 -5.250 0.000 4.750 9.000 12.750 16.000 18.750 21.000 22.750 24.000 24.750 25.000 24.750 24.000 22.750 21.000 18.750 16.000 12.750 9.000 4.750 0.000 -5.250 -11.000 -17.250 -24.000 -31.250 -39.000 -47.250 -56.000 -65.250 -75.000 
(4)^0.5
2.000 2.000 2.000 2.000 2.000 2.000 2.000 2.000 2.000 2.000 2.000 2.000 2.000 2.000 2.000 2.000 2.000 2.000 2.000 2.000 2.000 2.000 2.000 2.000 2.000 2.000 2.000 2.000 2.000 2.000 2.000 2.000 2.000 2.000 2.000 2.000 2.000 2.000 2.000 2.000 2.000 
(4-2)^2
2.000 2.000 2.000 2.000 2.000 2.000 2.000 2.000 2.000 2.000 2.000 2.000 2.000 2.000 2.000 2.000 2.000 2.000 2.000 2.000 2.000 2.000 2.000 2.000 2.000 2.000 2.000 2.000 2.000 2.000 2.000 2.000 2.000 2.000 2.000 2.000 2.000 2.000 2.000 2.000 2.000 
x^2 + 3*x - (x - 2)
82.000 73.250 65.000 57.250 50.000 43.250 37.000 31.250 26.000 21.250 17.000 13.250 10.000 7.250 5.000 3.250 2.000 1.250 1.000 1.250 2.000 3.250 5.000 7.250 10.000 13.250 17.000 21.250 26.000 31.250 37.000 43.250 50.000 57.250 65.000 73.250 82.000 91.250 101.000 111.250 122.000 
log(x/3)
-1.#IO -1.#IO -1.#IO -1.#IO -1.#IO -1.#IO -1.#IO -1.#IO -1.#IO -1.#IO -1.#IO -1.#IO -1.#IO -1.#IO -1.#IO -1.#IO -1.#IO -1.#IO -1.#IO -1.#IO -1.#IO -1.792 -1.099 -0.693 -0.405 -0.182 0.000 0.154 0.288 0.405 0.511 0.606 0.693 0.773 0.847 0.916 0.981 1.041 1.099 1.153 1.204 
sin(pi+x) - cosx
0.295 0.922 1.323 1.400 1.135 0.591 -0.097 -0.761 -1.240 -1.414 -1.243 -0.767 -0.103 0.586 1.131 1.400 1.325 0.927 0.301 -0.398 -1.000 -1.357 -1.382 -1.068 -0.493 0.203 0.849 1.287 1.410 1.188 0.675 -0.003 -0.681 -1.192 -1.411 -1.285 -0.844 -0.196 0.499 1.072 1.383 
sin(pi+x) + cosx
-1.383 -1.072 -0.499 0.196 0.844 1.285 1.411 1.192 0.681 0.003 -0.675 -1.188 -1.410 -1.287 -0.849 -0.203 0.493 1.068 1.382 1.357 1.000 0.398 -0.301 -0.927 -1.325 -1.400 -1.131 -0.586 0.103 0.767 1.243 1.414 1.240 0.761 0.097 -0.591 -1.135 -1.400 -1.323 -0.922 -0.295 
x-4
-14.000 -13.500 -13.000 -12.500 -12.000 -11.500 -11.000 -10.500 -10.000 -9.500 -9.000 -8.500 -8.000 -7.500 -7.000 -6.500 -6.000 -5.500 -5.000 -4.500 -4.000 -3.500 -3.000 -2.500 -2.000 -1.500 -1.000 -0.500 0.000 0.500 1.000 1.500 2.000 2.500 3.000 3.500 4.000 4.500 5.000 5.500 6.000 
x^0.7
-1.#IO -1.#IO -1.#IO -1.#IO -1.#IO -1.#IO -1.#IO -1.#IO -1.#IO -1.#IO -1.#IO -1.#IO -1.#IO -1.#IO -1.#IO -1.#IO -1.#IO -1.#IO -1.#IO -1.#IO 0.000 0.616 1.000 1.328 1.625 1.899 2.158 2.404 2.639 2.866 3.085 3.298 3.505 3.707 3.905 4.098 4.287 4.473 4.656 4.835 5.012 
(25-x^2)^0.5
0.500 0.500 0.500 0.500 0.500 0.500 0.500 0.500 0.500 0.500 0.500 0.500 0.500 0.500 0.500 0.500 0.500 0.500 0.500 0.500 0.500 0.500 0.500 0.500 0.500 0.500 0.500 0.500 0.500 0.500 0.500 0.500 0.500 0.500 0.500 0.500 0.500 0.500 0.500 0.500 0.500 
x^(1*2)
100.000 90.250 81.000 72.250 64.000 56.250 49.000 42.250 36.000 30.250 25.000 20.250 16.000 12.250 9.000 6.250 4.000 2.250 1.000 0.250 0.000 0.250 1.000 2.250 4.000 6.250 9.000 12.250 16.000 20.250 25.000 30.250 36.000 42.250 49.000 56.250 64.000 72.250 81.000 90.250 100.000 
x^(4/2)
100.000 90.250 81.000 72.250 64.000 56.250 49.000 42.250 36.000 30.250 25.000 20.250 16.000 12.250 9.000 6.250 4.000 2.250 1.000 0.250 0.000 0.250 1.000 2.250 4.000 6.250 9.000 12.250 16.000 20.250 25.000 30.250 36.000 42.250 49.000 56.250 64.000 72.250 81.000 90.250 100.000 
(x-1)^(1/2)
0.500 0.500 0.500 0.500 0.500 0.500 0.500 0.500 0.500 0.500 0.500 0.500 0.500 0.500 0.500 0.500 0.500 0.500 0.500 0.500 0.500 0.500 0.500 0.500 0.500 0.500 0.500 0.500 0.500 0.500 0.500 0.500 0.500 0.500 0.500 0.500 0.500 0.500 0.500 0.500 0.500 
x-1
-11.000 -10.500 -10.000 -9.500 -9.000 -8.500 -8.000 -7.500 -7.000 -6.500 -6.000 -5.500 -5.000 -4.500 -4.000 -3.500 -3.000 -2.500 -2.000 -1.500 -1.000 -0.500 0.000 0.500 1.000 1.500 2.000 2.500 3.000 3.500 4.000 4.500 5.000 5.500 6.000 6.500 7.000 7.500 8.000 8.500 9.000 
